52.28662613940916
52.954181846861204
43.65185519724638
43.91582375424657
62.76378925756903
53.59187054197737
50.56895157660654
59.927313801269605
50.86257680062538
51.96260906011452
65.46115721807917
42.48172950989335
54.845004330146224
67.09956295552527
56.695059668261095
50.256971683441535
52.49332697194709
61.355242048183115
47.48777428334071
42.98343517471722
42.307786005430984
49.6781506523825
43.38416177476352
63.36372993344635
59.677960841201156
56.981497231983276
54.84394765199674
52.3071778130319
49.60156426469573
65.71700084946963
58.55130090917205
61.63262588213644
45.93608703991357
66.70341464150945
67.31973139948467
57.52253943785931
51.05554433473721
61.17862442701981
64.2312622073515
44.175460636826344
48.33310013655278
56.262892665690224
64.7582277152571
56.37298680219153
58.3108640517611
55.121457065555866
61.05675387407529
56.74950240053307
43.24978670251137
62.48448121254031
53.54597623137814
56.50100704944236
42.31913377137168
47.33267777169362
61.59232802200722
59.62331121215823
50.88735617631572
67.3075225131799
60.43740032444764
66.12140725668598
63.17554656006311
63.36270217202855
61.93977744452813
58.08904748537455
64.99717104939299
64.49632011473203
50.755491483641926
47.22755854530865
55.469071565232696
55.92041315312289
59.056217777864774
51.818146590257605
48.657847630393505
62.15690085128341
54.88635427965494
47.24661002973306
68.17121106496738
58.84770136851571
44.480658293501165
43.187407399615275
53.110704423958204
65.48986546594224
52.133790628446974
55.14235926494354
44.188266843770734
67.6635640033127
65.97683072174684
47.741838169738216
46.38786459778729
45.60960904432369
49.697068370443986
56.73169932998678
57.12123119034604
56.563354147502466
47.55610668218273
43.895748179418234
53.991481056996555
43.5827202970601
62.40944182317391
59.40525658043306
