39.98286322249828
42.677742070059644
41.766390737563825
35.75300191724284
40.21968217527198
45.661388587321916
43.82246572856042
38.08297812086642
42.518045381493096
37.10376458555133
39.949407468982436
41.14601482094578
35.05183051430335
43.80824184746918
37.89758191334926
41.36974806529455
45.538037499894486
35.1405675245367
38.34471903373181
43.10059959179563
42.0628149155839
32.614177895207696
35.761235800523906
39.126519922189956
36.584343127302475
37.73076732249031
41.04744310040343
43.69178936648384
43.062512844514174
45.423127645343946
41.49407106688595
39.04171332760048
38.30581822795016
39.590648307203466
47.017707357786854
39.16608492567561
38.68578683567475
35.79353663610871
41.75113493968573
38.91051719192773
33.40070439714186
47.128801002040504
30.791960721039878
40.78543443611873
40.060348390111784
32.55159206724157
44.42798516563818
36.32562625718225
38.36306348751726
43.35105062543936
43.91074174519808
36.190970162158436
35.18137576158556
33.05122304088461
38.817035865644776
42.17807488326581
47.69902242802285
42.95338872862775
45.48857908938467
39.363769790778825
44.35773268245795
36.93611448249375
31.699322808771417
41.91560387248974
39.8677443040841
46.018496859803534
39.52684601538752
48.4604486200509
42.464079046556456
39.86797744815185
32.870846575868335
47.36694266756056
51.29123451731775
40.42972230449299
43.999373842560814
37.209787035418415
34.5390890609871
41.42202317898238
32.36184058823566
34.48996638509285
41.69079139020391
38.807461103640335
39.38103160866388
48.15982328193804
42.200993495918645
33.17996412067346
31.196313344136286
39.212824516113535
37.22005659483641
32.03492296434934
43.00761129996824
38.50370911134829
36.676276165590444
41.653470464987045
37.687323389688544
38.231171567146234
42.021275446453345
37.91667631904507
42.518685452942414
49.64905033260693
